Started on Thu Jun 11 17:37:02 2020
Command line was: /usr/local/bin/alchemical_analysis -t 298 -v -p sys1 -x -u kBT

Checking for corrupted xvg files....
No corrupt lines found, no data was removed from ./sys1_dhdl.xvg
Reading metadata from ./sys1_dhdl.xvg...
Temperature is 298 K.
First 0 ps (0 snapshots) will be discarded due to equilibration from file ./sys1_dhdl.xvg...
Loading in data from ./sys1_dhdl.xvg (all states) ...


Number of correlated and uncorrelated samples:

 State            N          N_k        N/N_k

     0           59           59         1.00
WARNING: Only 38 uncorrelated samples found at lambda number 1; proceeding with analysis using correlated samples...
     1           38           38         1.00
WARNING: Only 34 uncorrelated samples found at lambda number 2; proceeding with analysis using correlated samples...
     2           34           46         1.35
     3          133          133         1.00
     4          700          700         1.08
     5         1361         1361         1.08

Estimating the free energy change with MBAR...
K (total states) = 6, total samples = 2337
N_k = 
[  59   38   46  133  700 1361]
There are 6 states with samples.
Initial dimensionless free energies with method BAR
f_k = 
[ 0.          0.30527348  0.36235174 -0.19090044 -2.12583577 -2.76815889]
Final dimensionless free energies
f_k = 
[ 0.          0.23155274  0.2363663  -0.46367821 -2.32501933 -2.96736636]
MBAR initialization complete.
Matrix of free energy differences
Deltaf_ij:
[[ 0.          0.23155274  0.2363663  -0.46367821 -2.32501933 -2.96736636]
 [-0.23155274  0.          0.00481356 -0.69523096 -2.55657207 -3.19891911]
 [-0.2363663  -0.00481356  0.         -0.70004451 -2.56138563 -3.20373266]
 [ 0.46367821  0.69523096  0.70004451  0.         -1.86134112 -2.50368815]
 [ 2.32501933  2.55657207  2.56138563  1.86134112  0.         -0.64234703]
 [ 2.96736636  3.19891911  3.20373266  2.50368815  0.64234703  0.        ]]
dDeltaf_ij:
[[0.         0.0574082  0.11706763 0.17356613 0.19946611 0.20238543]
 [0.0574082  0.         0.07129142 0.14047682 0.1711583  0.17455586]
 [0.11706763 0.07129142 0.         0.08389883 0.12505172 0.12965368]
 [0.17356613 0.14047682 0.08389883 0.         0.05611696 0.06382186]
 [0.19946611 0.1711583  0.12505172 0.05611696 0.         0.0112326 ]
 [0.20238543 0.17455586 0.12965368 0.06382186 0.0112326  0.        ]]
Estimating the free energy change with TI, TI-CUBIC, DEXP, IEXP, BAR...
relative_change =        1.000
iteration     0 : DeltaF =            0.305
relative_change =        0.000
iteration     1 : DeltaF =            0.305
relative_change =        0.000
iteration     2 : DeltaF =            0.305
Convergence achieved.
Converged to tolerance of 1.000000e-15 in 3 iterations (6 function evaluations)
DeltaF =    0.305 +-    0.081
Initial brackets did not actually bracket, widening them
relative_change =        1.000
iteration     0 : DeltaF =            0.056
relative_change =        0.026
iteration     1 : DeltaF =            0.057
relative_change =        0.000
iteration     2 : DeltaF =            0.057
relative_change =        0.000
iteration     3 : DeltaF =            0.057
relative_change =        0.000
iteration     4 : DeltaF =            0.057
relative_change =        0.000
Convergence achieved.
Converged to tolerance of 1.624149e-13 in 5 iterations (10 function evaluations)
DeltaF =    0.057 +-    0.097
relative_change =        1.000
iteration     0 : DeltaF =           -0.553
relative_change =        0.000
iteration     1 : DeltaF =           -0.553
relative_change =        0.000
iteration     2 : DeltaF =           -0.553
relative_change =        0.000
Convergence achieved.
Converged to tolerance of 4.659306e-11 in 3 iterations (6 function evaluations)
DeltaF =   -0.553 +-    0.098
Initial brackets did not actually bracket, widening them
Initial brackets did not actually bracket, widening them
relative_change =        1.000
iteration     0 : DeltaF =           -1.937
relative_change =        0.001
iteration     1 : DeltaF =           -1.935
relative_change =        0.000
iteration     2 : DeltaF =           -1.935
relative_change =        0.000
iteration     3 : DeltaF =           -1.935
relative_change =        0.000
Convergence achieved.
Converged to tolerance of 1.681272e-11 in 4 iterations (11 function evaluations)
DeltaF =   -1.935 +-    0.069
relative_change =        1.000
iteration     0 : DeltaF =           -0.642
relative_change =        0.000
iteration     1 : DeltaF =           -0.642
Convergence achieved.
Converged to tolerance of 1.000000e-15 in 2 iterations (5 function evaluations)
DeltaF =   -0.642 +-    0.011
No Coulomb transformation present.
------------ --------------------- --------------------- --------------------- --------------------- --------------------- --------------------- 
   States           TI (k_BT)       TI-CUBIC (k_BT)           DEXP (k_BT)           IEXP (k_BT)            BAR (k_BT)           MBAR (k_BT)      
------------ --------------------- --------------------- --------------------- --------------------- --------------------- --------------------- 
   0 -- 1         0.266  +-  0.106      0.214  +-  0.133      0.430  +-  0.143      0.230  +-  0.114      0.305  +-  0.081      0.232  +-  0.057 
   1 -- 2         0.051  +-  0.116      0.147  +-  0.130     -0.431  +-  0.523      0.021  +-  0.112      0.057  +-  0.097      0.005  +-  0.071 
   2 -- 3        -0.836  +-  0.128     -0.833  +-  0.146      0.121  +-  0.108     -0.597  +-  0.111     -0.553  +-  0.098     -0.700  +-  0.084 
   3 -- 4        -1.565  +-  0.113     -1.752  +-  0.130     -2.198  +-  0.205     -2.039  +-  0.080     -1.935  +-  0.069     -1.861  +-  0.056 
   4 -- 5        -0.720  +-  0.016     -0.762  +-  0.032     -0.664  +-  0.019     -0.624  +-  0.016     -0.642  +-  0.011     -0.642  +-  0.011 
------------ --------------------- --------------------- --------------------- --------------------- --------------------- --------------------- 
    TOTAL:       -2.804  +-  0.327     -2.986  +-  0.337     -2.742  +-  0.590     -3.010  +-  0.211     -2.768  +-  0.175     -2.967  +-  0.202 

************************************************************************************************************************************************
IIIIIIIIIIIIIIIIIIIIIIIIIIIIIIIIIIIIIIIIIIIIIIIIIIII   The above table has been stored in   IIIIIIIIIIIIIIIIIIIIIIIIIIIIIIIIIIIIIIIIIIIIIIIIIIII
IIIIIIIIIIIIIIIIIIIIIIIIIIIIIIIIIIIIIIIIIIIIIIIIIIII             ./results.txt              IIIIIIIIIIIIIIIIIIIIIIIIIIIIIIIIIIIIIIIIIIIIIIIIIIII
IIIIIIIIIIIIIIIIIIIIIIIIIIIIIIIIIIIIIIIIIIIIIIIIIIII     while the full-precision data      IIIIIIIIIIIIIIIIIIIIIIIIIIIIIIIIIIIIIIIIIIIIIIIIIIII
IIIIIIIIIIIIIIIIIIIIIIIIIIIIIIIIIIIIIIIIIIIIIIIIIIII (along with the simulation profile) in IIIIIIIIIIIIIIIIIIIIIIIIIIIIIIIIIIIIIIIIIIIIIIIIIIII
IIIIIIIIIIIIIIIIIIIIIIIIIIIIIIIIIIIIIIIIIIIIIIIIIIII            ./results.pickle            IIIIIIIIIIIIIIIIIIIIIIIIIIIIIIIIIIIIIIIIIIIIIIIIIIII
************************************************************************************************************************************************

Time spent: 0 hours, 0 minutes, and 0.11 seconds.
Finished on Thu Jun 11 17:37:02 2020
