Started on Thu Jun 11 17:37:42 2020
Command line was: /usr/local/bin/alchemical_analysis -t 298 -v -p sys1 -x -u kBT

Checking for corrupted xvg files....
No corrupt lines found, no data was removed from ./sys1_dhdl.xvg
Reading metadata from ./sys1_dhdl.xvg...
Temperature is 298 K.
First 0 ps (0 snapshots) will be discarded due to equilibration from file ./sys1_dhdl.xvg...
Loading in data from ./sys1_dhdl.xvg (all states) ...


Number of correlated and uncorrelated samples:

 State            N          N_k        N/N_k

     0          406          406         1.00
     1          413          413         1.00
     2          371          371         1.13
     3          372          372         1.13
     4          393          393         1.00
     5          452          452         1.00

Estimating the free energy change with MBAR...
K (total states) = 6, total samples = 2407
N_k = 
[406 413 371 372 393 452]
There are 6 states with samples.
Initial dimensionless free energies with method BAR
f_k = 
[ 0.         -0.09727524 -0.48215046 -1.65456897 -3.43988312 -3.69491352]
Final dimensionless free energies
f_k = 
[ 0.          0.0582065  -0.04597616 -0.57822658 -1.95889073 -2.4234815 ]
MBAR initialization complete.
Matrix of free energy differences
Deltaf_ij:
[[ 0.          0.0582065  -0.04597616 -0.57822658 -1.95889073 -2.4234815 ]
 [-0.0582065   0.         -0.10418266 -0.63643308 -2.01709723 -2.481688  ]
 [ 0.04597616  0.10418266  0.         -0.53225041 -1.91291457 -2.37750534]
 [ 0.57822658  0.63643308  0.53225041  0.         -1.38066415 -1.84525492]
 [ 1.95889073  2.01709723  1.91291457  1.38066415  0.         -0.46459077]
 [ 2.4234815   2.481688    2.37750534  1.84525492  0.46459077  0.        ]]
dDeltaf_ij:
[[0.         0.02480876 0.0481716  0.07665537 0.10692889 0.11508819]
 [0.02480876 0.         0.02862297 0.06413778 0.09828763 0.10711146]
 [0.0481716  0.02862297 0.         0.04454177 0.08566423 0.09567692]
 [0.07665537 0.06413778 0.04454177 0.         0.05226217 0.06575862]
 [0.10692889 0.09828763 0.08566423 0.05226217 0.         0.01772218]
 [0.11508819 0.10711146 0.09567692 0.06575862 0.01772218 0.        ]]
Estimating the free energy change with TI, TI-CUBIC, DEXP, IEXP, BAR...
relative_change =        1.000
iteration     0 : DeltaF =           -0.097
relative_change =        0.000
iteration     1 : DeltaF =           -0.097
relative_change =        0.000
iteration     2 : DeltaF =           -0.097
relative_change =        0.000
Convergence achieved.
Converged to tolerance of 8.478876e-12 in 3 iterations (6 function evaluations)
DeltaF =   -0.097 +-    0.035
relative_change =        1.000
iteration     0 : DeltaF =           -0.385
relative_change =        0.000
iteration     1 : DeltaF =           -0.385
relative_change =        0.000
iteration     2 : DeltaF =           -0.385
relative_change =        0.000
iteration     3 : DeltaF =           -0.385
relative_change =        0.000
Convergence achieved.
Converged to tolerance of 2.988478e-13 in 4 iterations (7 function evaluations)
DeltaF =   -0.385 +-    0.047
relative_change =        1.000
iteration     0 : DeltaF =           -1.749
relative_change =        0.452
iteration     1 : DeltaF =           -1.205
relative_change =        0.026
iteration     2 : DeltaF =           -1.174
relative_change =        0.001
iteration     3 : DeltaF =           -1.173
relative_change =        0.000
iteration     4 : DeltaF =           -1.172
relative_change =        0.000
iteration     5 : DeltaF =           -1.172
relative_change =        0.000
iteration     6 : DeltaF =           -1.172
relative_change =        0.000
iteration     7 : DeltaF =           -1.172
relative_change =        0.000
iteration     8 : DeltaF =           -1.172
relative_change =        0.000
Convergence achieved.
Converged to tolerance of 3.409687e-11 in 9 iterations (12 function evaluations)
DeltaF =   -1.172 +-    0.072
relative_change =        1.000
iteration     0 : DeltaF =           -1.787
relative_change =        0.001
iteration     1 : DeltaF =           -1.785
relative_change =        0.000
iteration     2 : DeltaF =           -1.785
relative_change =        0.000
iteration     3 : DeltaF =           -1.785
relative_change =        0.000
iteration     4 : DeltaF =           -1.785
relative_change =        0.000
iteration     5 : DeltaF =           -1.785
relative_change =        0.000
Convergence achieved.
Converged to tolerance of 5.445416e-12 in 6 iterations (9 function evaluations)
DeltaF =   -1.785 +-    0.059
relative_change =        1.000
iteration     0 : DeltaF =           -0.255
relative_change =        0.000
iteration     1 : DeltaF =           -0.255
relative_change =        0.000
iteration     2 : DeltaF =           -0.255
relative_change =        0.000
Convergence achieved.
Converged to tolerance of 4.203478e-11 in 3 iterations (6 function evaluations)
DeltaF =   -0.255 +-    0.023
No Coulomb transformation present.
------------ --------------------- --------------------- --------------------- --------------------- --------------------- --------------------- 
   States           TI (k_BT)       TI-CUBIC (k_BT)           DEXP (k_BT)           IEXP (k_BT)            BAR (k_BT)           MBAR (k_BT)      
------------ --------------------- --------------------- --------------------- --------------------- --------------------- --------------------- 
   0 -- 1        -0.143  +-  0.040     -0.036  +-  0.054     -0.176  +-  0.094     -0.030  +-  0.043     -0.097  +-  0.035      0.058  +-  0.025 
   1 -- 2        -1.115  +-  0.135     -1.055  +-  0.155     -0.463  +-  0.122     -0.206  +-  0.056     -0.385  +-  0.047     -0.104  +-  0.029 
   2 -- 3        -2.357  +-  0.157     -2.571  +-  0.178     -9.194  +-  0.522     -0.493  +-  0.074     -1.172  +-  0.072     -0.532  +-  0.045 
   3 -- 4        -1.831  +-  0.090     -1.918  +-  0.105     -3.039  +-  0.108     -0.754  +-  0.082     -1.785  +-  0.059     -1.381  +-  0.052 
   4 -- 5        -0.336  +-  0.030     -0.256  +-  0.043     -0.434  +-  0.033     -0.064  +-  0.035     -0.255  +-  0.023     -0.465  +-  0.018 
------------ --------------------- --------------------- --------------------- --------------------- --------------------- --------------------- 
    TOTAL:       -5.782  +-  0.326     -5.836  +-  0.321    -13.307  +-  0.556     -1.547  +-  0.136     -3.695  +-  0.113     -2.423  +-  0.115 

************************************************************************************************************************************************
IIIIIIIIIIIIIIIIIIIIIIIIIIIIIIIIIIIIIIIIIIIIIIIIIIII   The above table has been stored in   IIIIIIIIIIIIIIIIIIIIIIIIIIIIIIIIIIIIIIIIIIIIIIIIIIII
IIIIIIIIIIIIIIIIIIIIIIIIIIIIIIIIIIIIIIIIIIIIIIIIIIII             ./results.txt              IIIIIIIIIIIIIIIIIIIIIIIIIIIIIIIIIIIIIIIIIIIIIIIIIIII
IIIIIIIIIIIIIIIIIIIIIIIIIIIIIIIIIIIIIIIIIIIIIIIIIIII     while the full-precision data      IIIIIIIIIIIIIIIIIIIIIIIIIIIIIIIIIIIIIIIIIIIIIIIIIIII
IIIIIIIIIIIIIIIIIIIIIIIIIIIIIIIIIIIIIIIIIIIIIIIIIIII (along with the simulation profile) in IIIIIIIIIIIIIIIIIIIIIIIIIIIIIIIIIIIIIIIIIIIIIIIIIIII
IIIIIIIIIIIIIIIIIIIIIIIIIIIIIIIIIIIIIIIIIIIIIIIIIIII            ./results.pickle            IIIIIIIIIIIIIIIIIIIIIIIIIIIIIIIIIIIIIIIIIIIIIIIIIIII
************************************************************************************************************************************************

Time spent: 0 hours, 0 minutes, and 0.11 seconds.
Finished on Thu Jun 11 17:37:43 2020
