Started on Thu Jun 11 22:14:01 2020
Command line was: /usr/local/bin/alchemical_analysis -t 298 -v -p sys2 -x -u kBT

Checking for corrupted xvg files....
No corrupt lines found, no data was removed from ./sys2_dhdl.xvg
Reading metadata from ./sys2_dhdl.xvg...
Temperature is 298 K.
First 0 ps (0 snapshots) will be discarded due to equilibration from file ./sys2_dhdl.xvg...
Loading in data from ./sys2_dhdl.xvg (all states) ...


Number of correlated and uncorrelated samples:

 State            N          N_k        N/N_k

     0          283          283         1.00
     1          257          257         1.06
     2          263          263         1.05
     3          243          243         1.04
     4          288          288         1.00
     5          279          279         1.07
     6          257          257         1.13
     7          179          179         1.49
     8          208          208         1.31

Estimating the free energy change with MBAR...
K (total states) = 9, total samples = 2257
N_k = 
[283 257 263 243 288 279 257 179 208]
There are 9 states with samples.
Initial dimensionless free energies with method BAR
f_k = 
[ 0.          6.6039001  12.56150773 15.76969536 17.5775727  18.91017581
 19.30937446 15.31706851 14.35436588]
Final dimensionless free energies
f_k = 
[ 0.          6.75992583 12.5334582  15.70107805 17.60471009 19.12393191
 19.66487636 17.09639252 15.70764116]
MBAR initialization complete.
Matrix of free energy differences
Deltaf_ij:
[[ 0.00000000e+00  6.75992583e+00  1.25334582e+01  1.57010780e+01
   1.76047101e+01  1.91239319e+01  1.96648764e+01  1.70963925e+01
   1.57076412e+01]
 [-6.75992583e+00  0.00000000e+00  5.77353237e+00  8.94115221e+00
   1.08447843e+01  1.23640061e+01  1.29049505e+01  1.03364667e+01
   8.94771532e+00]
 [-1.25334582e+01 -5.77353237e+00  0.00000000e+00  3.16761985e+00
   5.07125189e+00  6.59047371e+00  7.13141815e+00  4.56293432e+00
   3.17418296e+00]
 [-1.57010780e+01 -8.94115221e+00 -3.16761985e+00  0.00000000e+00
   1.90363204e+00  3.42285386e+00  3.96379831e+00  1.39531448e+00
   6.56311050e-03]
 [-1.76047101e+01 -1.08447843e+01 -5.07125189e+00 -1.90363204e+00
   0.00000000e+00  1.51922182e+00  2.06016627e+00 -5.08317562e-01
  -1.89706893e+00]
 [-1.91239319e+01 -1.23640061e+01 -6.59047371e+00 -3.42285386e+00
  -1.51922182e+00  0.00000000e+00  5.40944449e-01 -2.02753938e+00
  -3.41629075e+00]
 [-1.96648764e+01 -1.29049505e+01 -7.13141815e+00 -3.96379831e+00
  -2.06016627e+00 -5.40944449e-01  0.00000000e+00 -2.56848383e+00
  -3.95723520e+00]
 [-1.70963925e+01 -1.03364667e+01 -4.56293432e+00 -1.39531448e+00
   5.08317562e-01  2.02753938e+00  2.56848383e+00  0.00000000e+00
  -1.38875137e+00]
 [-1.57076412e+01 -8.94771532e+00 -3.17418296e+00 -6.56311050e-03
   1.89706893e+00  3.41629075e+00  3.95723520e+00  1.38875137e+00
   0.00000000e+00]]
dDeltaf_ij:
[[0.         0.07710211 0.14665527 0.19453557 0.19642313 0.21299776
  0.24561501 0.31496123 0.34242845]
 [0.07710211 0.         0.09953106 0.1617701  0.16402223 0.18354133
  0.22055848 0.29583761 0.32492546]
 [0.14665527 0.09953106 0.         0.10120314 0.10538966 0.13407316
  0.18149268 0.26798028 0.29978341]
 [0.19453557 0.1617701  0.10120314 0.         0.05033235 0.09953575
  0.15775309 0.25250714 0.28603586]
 [0.19642313 0.16402223 0.10538966 0.05033235 0.         0.0680217
  0.13943207 0.24148624 0.27635531]
 [0.21299776 0.18354133 0.13407316 0.09953575 0.0680217  0.
  0.10116815 0.22158203 0.25914367]
 [0.24561501 0.22055848 0.18149268 0.15775309 0.13943207 0.10116815
  0.         0.17709018 0.22228922]
 [0.31496123 0.29583761 0.26798028 0.25250714 0.24148624 0.22158203
  0.17709018 0.         0.09358435]
 [0.34242845 0.32492546 0.29978341 0.28603586 0.27635531 0.25914367
  0.22228922 0.09358435 0.        ]]
Estimating the free energy change with TI, TI-CUBIC, DEXP, IEXP, BAR...
relative_change =        1.000
iteration     0 : DeltaF =            6.615
relative_change =        0.002
iteration     1 : DeltaF =            6.604
relative_change =        0.000
iteration     2 : DeltaF =            6.604
relative_change =        0.000
iteration     3 : DeltaF =            6.604
relative_change =        0.000
iteration     4 : DeltaF =            6.604
relative_change =        0.000
Convergence achieved.
Converged to tolerance of 3.146531e-11 in 5 iterations (8 function evaluations)
DeltaF =    6.604 +-    0.078
relative_change =        1.000
iteration     0 : DeltaF =            5.945
relative_change =        0.002
iteration     1 : DeltaF =            5.957
relative_change =        0.000
iteration     2 : DeltaF =            5.958
relative_change =        0.000
iteration     3 : DeltaF =            5.958
relative_change =        0.000
iteration     4 : DeltaF =            5.958
relative_change =        0.000
iteration     5 : DeltaF =            5.958
relative_change =        0.000
iteration     6 : DeltaF =            5.958
relative_change =        0.000
Convergence achieved.
Converged to tolerance of 4.087709e-12 in 7 iterations (10 function evaluations)
DeltaF =    5.958 +-    0.101
Initial brackets did not actually bracket, widening them
relative_change =        1.000
iteration     0 : DeltaF =            3.207
relative_change =        0.000
iteration     1 : DeltaF =            3.208
relative_change =        0.000
iteration     2 : DeltaF =            3.208
relative_change =        0.000
iteration     3 : DeltaF =            3.208
relative_change =        0.000
Convergence achieved.
Converged to tolerance of 1.103445e-11 in 4 iterations (9 function evaluations)
DeltaF =    3.208 +-    0.129
Initial brackets did not actually bracket, widening them
Initial brackets did not actually bracket, widening them
relative_change =        1.000
iteration     0 : DeltaF =            1.808
relative_change =        0.000
iteration     1 : DeltaF =            1.808
relative_change =        0.000
iteration     2 : DeltaF =            1.808
relative_change =        0.000
Convergence achieved.
Converged to tolerance of 7.851922e-13 in 3 iterations (10 function evaluations)
DeltaF =    1.808 +-    0.063
relative_change =        1.000
iteration     0 : DeltaF =            1.331
relative_change =        0.001
iteration     1 : DeltaF =            1.333
relative_change =        0.000
iteration     2 : DeltaF =            1.333
relative_change =        0.000
iteration     3 : DeltaF =            1.333
relative_change =        0.000
Convergence achieved.
Converged to tolerance of 5.957567e-11 in 4 iterations (7 function evaluations)
DeltaF =    1.333 +-    0.080
relative_change =        1.000
iteration     0 : DeltaF =           -0.342
relative_change =        1.911
iteration     1 : DeltaF =            0.376
relative_change =        0.057
iteration     2 : DeltaF =            0.399
relative_change =        0.002
iteration     3 : DeltaF =            0.399
relative_change =        0.000
iteration     4 : DeltaF =            0.399
relative_change =        0.000
iteration     5 : DeltaF =            0.399
relative_change =        0.000
iteration     6 : DeltaF =            0.399
relative_change =        0.000
iteration     7 : DeltaF =            0.399
relative_change =        0.000
Convergence achieved.
Converged to tolerance of 2.919324e-11 in 8 iterations (11 function evaluations)
DeltaF =    0.399 +-    0.103
relative_change =        1.000
iteration     0 : DeltaF =           -4.137
relative_change =        0.027
iteration     1 : DeltaF =           -4.028
relative_change =        0.007
iteration     2 : DeltaF =           -4.001
relative_change =        0.002
iteration     3 : DeltaF =           -3.994
relative_change =        0.000
iteration     4 : DeltaF =           -3.993
relative_change =        0.000
iteration     5 : DeltaF =           -3.992
relative_change =        0.000
iteration     6 : DeltaF =           -3.992
relative_change =        0.000
iteration     7 : DeltaF =           -3.992
relative_change =        0.000
iteration     8 : DeltaF =           -3.992
relative_change =        0.000
iteration     9 : DeltaF =           -3.992
relative_change =        0.000
iteration    10 : DeltaF =           -3.992
relative_change =        0.000
iteration    11 : DeltaF =           -3.992
relative_change =        0.000
iteration    12 : DeltaF =           -3.992
relative_change =        0.000
iteration    13 : DeltaF =           -3.992
relative_change =        0.000
iteration    14 : DeltaF =           -3.992
relative_change =        0.000
Convergence achieved.
Converged to tolerance of 8.173987e-11 in 15 iterations (18 function evaluations)
DeltaF =   -3.992 +-    0.131
relative_change =        1.000
iteration     0 : DeltaF =           -0.968
relative_change =        0.005
iteration     1 : DeltaF =           -0.963
relative_change =        0.000
iteration     2 : DeltaF =           -0.963
relative_change =        0.000
iteration     3 : DeltaF =           -0.963
relative_change =        0.000
iteration     4 : DeltaF =           -0.963
relative_change =        0.000
iteration     5 : DeltaF =           -0.963
relative_change =        0.000
iteration     6 : DeltaF =           -0.963
relative_change =        0.000
Convergence achieved.
Converged to tolerance of 5.340300e-11 in 7 iterations (10 function evaluations)
DeltaF =   -0.963 +-    0.088
------------ --------------------- --------------------- --------------------- --------------------- --------------------- --------------------- 
   States           TI (k_BT)       TI-CUBIC (k_BT)           DEXP (k_BT)           IEXP (k_BT)            BAR (k_BT)           MBAR (k_BT)      
------------ --------------------- --------------------- --------------------- --------------------- --------------------- --------------------- 
   0 -- 1         6.668  +-  0.099      6.649  +-  0.105      5.790  +-  0.145      8.158  +-  0.228      6.604  +-  0.078      6.760  +-  0.077 
   1 -- 2         6.381  +-  0.134      6.262  +-  0.158      4.800  +-  0.173     10.277  +-  0.884      5.958  +-  0.101      5.774  +-  0.100 
   2 -- 3         3.888  +-  0.156      3.641  +-  0.230      3.231  +-  0.190      3.952  +-  0.508      3.208  +-  0.129      3.168  +-  0.101 
   3 -- 4         1.690  +-  0.074      1.677  +-  0.091      1.935  +-  0.105      1.980  +-  0.089      1.808  +-  0.063      1.904  +-  0.050 
   4 -- 5         0.796  +-  0.141      1.100  +-  0.168      0.909  +-  0.302      1.625  +-  0.104      1.333  +-  0.080      1.519  +-  0.068 
   5 -- 6        -2.283  +-  0.301     -2.391  +-  0.342    -11.213  +-  0.988      1.347  +-  0.133      0.399  +-  0.103      0.541  +-  0.101 
   6 -- 7        -4.042  +-  0.323     -4.574  +-  0.365    -14.939  +-  0.832      0.498  +-  0.239     -3.992  +-  0.131     -2.568  +-  0.177 
   7 -- 8        -1.117  +-  0.179     -1.224  +-  0.237     -3.014  +-  0.179      0.927  +-  0.171     -0.963  +-  0.088     -1.389  +-  0.094 
------------ --------------------- --------------------- --------------------- --------------------- --------------------- --------------------- 
  Coulomb:       16.936  +-  0.298     16.551  +-  0.318     13.821  +-  0.295     22.387  +-  1.045     15.770  +-  0.181     15.701  +-  0.195 
  vdWaals:       -4.956  +-  0.708     -5.413  +-  0.720    -26.322  +-  1.343      6.376  +-  0.350     -1.415  +-  0.215      0.007  +-  0.282 
    TOTAL:       11.980  +-  0.768     11.139  +-  0.787    -12.501  +-  1.375     28.763  +-  1.102     14.354  +-  0.281     15.708  +-  0.342 
                                                                                                                                                
                                               A remark on the energy components interpretation:                                                
                                              'vdWaals' is computed as 'TOTAL' - 'Coulomb', where                                               
                                              'Coulomb' is found as the free energy change between                                              
                                              the states defined by the lambda vectors (0,0,...,0)                                              
                                               and (1,0,...,0), the only varying vector component                                               
                                                  being either 'coul-lambda' or 'fep-lambda'.                                                   

************************************************************************************************************************************************
IIIIIIIIIIIIIIIIIIIIIIIIIIIIIIIIIIIIIIIIIIIIIIIIIIII   The above table has been stored in   IIIIIIIIIIIIIIIIIIIIIIIIIIIIIIIIIIIIIIIIIIIIIIIIIIII
IIIIIIIIIIIIIIIIIIIIIIIIIIIIIIIIIIIIIIIIIIIIIIIIIIII             ./results.txt              IIIIIIIIIIIIIIIIIIIIIIIIIIIIIIIIIIIIIIIIIIIIIIIIIIII
IIIIIIIIIIIIIIIIIIIIIIIIIIIIIIIIIIIIIIIIIIIIIIIIIIII     while the full-precision data      IIIIIIIIIIIIIIIIIIIIIIIIIIIIIIIIIIIIIIIIIIIIIIIIIIII
IIIIIIIIIIIIIIIIIIIIIIIIIIIIIIIIIIIIIIIIIIIIIIIIIIII (along with the simulation profile) in IIIIIIIIIIIIIIIIIIIIIIIIIIIIIIIIIIIIIIIIIIIIIIIIIIII
IIIIIIIIIIIIIIIIIIIIIIIIIIIIIIIIIIIIIIIIIIIIIIIIIIII            ./results.pickle            IIIIIIIIIIIIIIIIIIIIIIIIIIIIIIIIIIIIIIIIIIIIIIIIIIII
************************************************************************************************************************************************

Time spent: 0 hours, 0 minutes, and 0.26 seconds.
Finished on Thu Jun 11 22:14:01 2020
